A/C,OT,RH,UT,NORMAL,RH_O,RH_UT,UT_O
housedust MR,0.107913669,0.147482014,0.176258993,0.172661871,0.151079137,0.118705036,0.125899281
housedust HR,0.147601476,0.147601476,0.103321033,0.114391144,0.136531365,0.191881919,0.158671587
housedust LR,0.150537634,0.161290323,0.139784946,0.139784946,0.11827957,0.075268817,0.215053763
housedust NR,0.243589744,0.08974359,0.166666667,0.128205128,0.166666667,0.141025641,0.064102564
cottondust LR,0.107913669,0.122302158,0.165467626,0.208633094,0.100719424,0.129496403,0.165467626
cottondust MR,0.16,0.144,0.12,0.144,0.168,0.172,0.092
cottondust KR,0,0.5,0.5,0,0,0,0
cottondust NR,0.179104478,0.189054726,0.15920398,0.109452736,0.174129353,0.07960199,0.109452736
cottondust HR,0.09375,0.0859375,0.1328125,0.1171875,0.09375,0.203125,0.2734375
aspergilus MR,0.103004292,0.137339056,0.124463519,0.163090129,0.115879828,0.21888412,0.137339056
aspergilus LR,0.161538462,0.161538462,0.192307692,0.130769231,0.123076923,0.069230769,0.161538462
aspergilus KR,0.111111111,0.333333333,0.111111111,0.333333333,0,0,0.111111111
aspergilus NR,0.131979695,0.131979695,0.16751269,0.152284264,0.182741117,0.091370558,0.14213198
aspergilus HR,0.205298013,0.139072848,0.099337748,0.092715232,0.158940397,0.165562914,0.139072848
pollen MR,0.159863946,0.149659864,0.146258503,0.132653061,0.146258503,0.12585034,0.139455782
pollen LR,0.052083333,0.197916667,0.15625,0.208333333,0.145833333,0.072916667,0.166666667
pollen KR,0.333333333,0.166666667,0,0,0,0.5,0
pollen NR,0.294117647,0.137254902,0.156862745,0.156862745,0.156862745,0.019607843,0.078431373
pollen HR,0.124542125,0.117216117,0.135531136,0.128205128,0.139194139,0.201465201,0.153846154
parthenium LR,0.181818182,0.181818182,0.127272727,0.236363636,0.054545455,0.145454545,0.072727273
parthenium MR,0.125984252,0.153543307,0.173228346,0.12992126,0.173228346,0.094488189,0.149606299
parthenium KR,1,0,0,0,0,0,0
parthenium NR,0.135135135,0.108108108,0.108108108,0.081081081,0.216216216,0.189189189,0.162162162
parthenium HR,0.14516129,0.134408602,0.129032258,0.142473118,0.129032258,0.172043011,0.147849462
coc kroach MR,0.162895928,0.167420814,0.14479638,0.126696833,0.14479638,0.108597285,0.14479638
coc kroach LR,0.189189189,0.121621622,0.121621622,0.054054054,0.121621622,0.27027027,0.121621622
coc kroach KR,0.4,0.2,0.4,0,0,0,0
coc kroach NR,0.178082192,0.136986301,0.205479452,0.04109589,0.178082192,0.04109589,0.219178082
coc kroach HR,0.109510086,0.132564841,0.129682997,0.193083573,0.141210375,0.161383285,0.132564841
catdander LR,0.4,0.1,0,0,0.2,0.3,0
catdander MR,0,0.5,0,0,0,0.5,0
catdander KR,0.142433234,0.142433234,0.143916914,0.143916914,0.139465875,0.142433234,0.145400593
catdander NR,0.09375,0.15625,0.15625,0.15625,0.1875,0.09375,0.15625
catdander HR,0,0,0.5,0,0.5,0,0
dosfur MR,0.181818182,0.090909091,0.272727273,0.090909091,0.227272727,0.090909091,0.045454545
dosfur LR,0.055555556,0.083333333,0.027777778,0.083333333,0.222222222,0.25,0.277777778
dosfur KR,0.143081761,0.147798742,0.146226415,0.147798742,0.13836478,0.135220126,0.141509434
dosfur NR,0.263157895,0.210526316,0.157894737,0.052631579,0.105263158,0.157894737,0.052631579
dosfur HR,0.142857143,0,0,0.285714286,0,0.428571429,0.142857143
roaddust MR,0.102564103,0.179487179,0.128205128,0,0.205128205,0.128205128,0.256410256
roaddust LR,0.128571429,0.1,0.171428571,0.114285714,0.128571429,0.2,0.157142857
roaddust KR,0.051282051,0.094017094,0.042735043,0.495726496,0.136752137,0.05982906,0.11965812
roaddust NR,0.170731707,0.158536585,0.162601626,0.073170732,0.140243902,0.156504065,0.138211382
roaddust HR,0,0,0.5,0,0.5,0,0
oldpdust LR,0.2,0.05,0.25,0.05,0.15,0.1,0.2
oldpdust MR,0,0,0.125,0,0.625,0.25,0
oldpdust KR,0.141509434,0.149371069,0.132075472,0.157232704,0.144654088,0.139937107,0.135220126
oldpdust NR,0.156862745,0.137254902,0.235294118,0.019607843,0.058823529,0.137254902,0.254901961
oldpdust HR,0.2,0,0.2,0,0,0.6,0
PSdust LR,0.169230769,0.092307692,0.230769231,0.061538462,0.046153846,0.138461538,0.261538462
PSdust MR,0.265306122,0.040816327,0.183673469,0.081632653,0.102040816,0.244897959,0.081632653
PSdust KR,0.125461255,0.143911439,0.121771218,0.21402214,0.162361624,0.140221402,0.092250923
PSdust NR,0.136778116,0.164133739,0.133738602,0.109422492,0.151975684,0.130699088,0.17325228
PSdust HR,0,0.333333333,0.333333333,0,0.166666667,0.166666667,0
MilkP MR,0.310344828,0.206896552,0.103448276,0.034482759,0,0.068965517,0.275862069
MilkP LR,0.142857143,0.095238095,0.174603175,0.047619048,0.079365079,0.238095238,0.222222222
MilkP KR,0.122807018,0.144249513,0.126705653,0.183235867,0.140350877,0.14619883,0.136452242
MilkP NR,0.180952381,0.142857143,0.20952381,0.038095238,0.228571429,0.095238095,0.104761905
MilkP HR,0.3,0.2,0.2,0,0.2,0.1,0
MilkC MR,0.115942029,0.260869565,0.173913043,0.057971014,0.173913043,0.101449275,0.115942029
MilkC LR,0.184466019,0.087378641,0.223300971,0.077669903,0.165048544,0.165048544,0.097087379
MilkC KR,0.128205128,0.125641026,0.107692308,0.197435897,0.128205128,0.171794872,0.141025641
MilkC NR,0.141666667,0.2,0.191666667,0.1,0.141666667,0.058333333,0.166666667
MilkC HR,0.236842105,0.078947368,0.078947368,0.026315789,0.184210526,0.131578947,0.263157895
curd LR,0.115384615,0.115384615,0.115384615,0.153846154,0.115384615,0.115384615,0.269230769
curd NR,0.203125,0.15625,0.203125,0.03125,0.1875,0.1875,0.03125
curd MR,0.25,0,0.25,0,0.25,0,0.25
curd KR,0.136655949,0.144694534,0.136655949,0.154340836,0.138263666,0.1414791,0.147909968
coffee LR,0.085714286,0.114285714,0.161904762,0.085714286,0.180952381,0.266666667,0.104761905
coffee MR,0.14516129,0.161290323,0.161290323,0.048387097,0.096774194,0.161290323,0.225806452
coffee KR,0.142857143,0.136054422,0.129251701,0.24829932,0.105442177,0.102040816,0.136054422
coffee NR,0.16872428,0.164609053,0.148148148,0.065843621,0.172839506,0.135802469,0.144032922
coffee HR,0.125,0.0625,0.125,0.0625,0.3125,0.125,0.1875
tea MR,0.130434783,0.130434783,0.173913043,0.15942029,0.043478261,0.231884058,0.130434783
tea LR,0.109090909,0.181818182,0.090909091,0.036363636,0.181818182,0.127272727,0.272727273
tea KR,0.126684636,0.145552561,0.129380054,0.199460916,0.148247978,0.121293801,0.129380054
tea NR,0.191176471,0.147058824,0.161764706,0.06372549,0.137254902,0.166666667,0.132352941
tea HR,0.095238095,0,0.238095238,0.095238095,0.333333333,0.047619048,0.19047619
beef LR,0.137931034,0.16091954,0.149425287,0.114942529,0.068965517,0.183908046,0.183908046
beef MR,0.171428571,0.157142857,0.142857143,0.014285714,0.142857143,0.228571429,0.142857143
beef KR,0.13229572,0.108949416,0.151750973,0.26459144,0.120622568,0.128404669,0.093385214
beef NR,0.150684932,0.167808219,0.130136986,0.065068493,0.181506849,0.130136986,0.174657534
beef HR,0.071428571,0.071428571,0.214285714,0.285714286,0.214285714,0,0.142857143
chicken LR,0.158730159,0.095238095,0.19047619,0.047619048,0.095238095,0.206349206,0.206349206
chicken MR,0.158730159,0.079365079,0.126984127,0.174603175,0.174603175,0.174603175,0.111111111
chicken KR,0.131386861,0.131386861,0.120437956,0.262773723,0.131386861,0.102189781,0.120437956
chicken NR,0.141176471,0.196078431,0.149019608,0.050980392,0.17254902,0.145098039,0.145098039
chicken HR,0.5,0,0,0,0,0.5,0
mutton LR,0.131147541,0.098360656,0.213114754,0.147540984,0.147540984,0.180327869,0.081967213
mutton MR,0.12,0.16,0.12,0,0.08,0.2,0.32
mutton KR,0.13172043,0.147849462,0.129032258,0.206989247,0.134408602,0.112903226,0.137096774
mutton NR,0.166023166,0.142857143,0.142857143,0.061776062,0.162162162,0.173745174,0.150579151
mutton HR,0,0.333333333,0.666666667,0,0,0,0
egg LR,0.181818182,0.127272727,0.145454545,0.054545455,0.145454545,0.2,0.145454545
egg MR,0.023255814,0.093023256,0.093023256,0.11627907,0.325581395,0.093023256,0.255813953
egg KR,0.14368932,0.14368932,0.13592233,0.182524272,0.133980583,0.133980583,0.126213592
egg NR,0.166666667,0.155555556,0.222222222,0,0.122222222,0.188888889,0.144444444
egg HR,0.176470588,0.235294118,0.058823529,0,0.058823529,0.117647059,0.352941176
fishA LR,0.147058824,0.147058824,0.161764706,0.058823529,0.117647059,0.25,0.117647059
fishA MR,0.142857143,0.166666667,0.166666667,0.071428571,0.214285714,0.095238095,0.142857143
fishA KR,0.141361257,0.12565445,0.128272251,0.217277487,0.136125654,0.123036649,0.128272251
fishA NR,0.141463415,0.170731707,0.146341463,0.058536585,0.151219512,0.151219512,0.180487805
fishA HR,0.173913043,0.130434783,0.260869565,0,0.130434783,0.173913043,0.130434783
fishB LR,0,0,0,0,0.333333333,0.666666667,0
fishB MR,0,0,0,0,0,1,0
fishB KR,0.146884273,0.142433234,0.139465875,0.145400593,0.146884273,0.135014837,0.143916914
fishB NR,0.1,0.175,0.2,0.1,0.075,0.2,0.15
fishB HR,0,0,1,0,0,0,0
crab LR,0.142857143,0.081632653,0.173469388,0.06122449,0.204081633,0.173469388,0.163265306
crab MR,0.21875,0.125,0.15625,0.09375,0.03125,0.21875,0.15625
crab KR,0.139880952,0.169642857,0.101190476,0.214285714,0.125,0.113095238,0.136904762
crab NR,0.144628099,0.140495868,0.194214876,0.08677686,0.148760331,0.144628099,0.140495868
crab HR,0,0,0,0,0.333333333,0.5,0.166666667
prawns LR,0.24,0.16,0.16,0.16,0.04,0.16,0.08
prawns MR,0.111111111,0.222222222,0.111111111,0.111111111,0.222222222,0.222222222,0
prawns KR,0.140869565,0.137391304,0.130434783,0.151304348,0.156521739,0.128695652,0.154782609
prawns NR,0.140186916,0.168224299,0.205607477,0.093457944,0.093457944,0.186915888,0.112149533
prawns HR,0,0,0.25,0,0,0.75,0
shark MR,0.173913043,0.188405797,0.115942029,0.101449275,0.101449275,0.115942029,0.202898551
shark LR,0.111888112,0.104895105,0.195804196,0.076923077,0.076923077,0.230769231,0.202797203
shark KR,0.089430894,0.12195122,0.056910569,0.536585366,0.081300813,0.048780488,0.06504065
shark NR,0.164864865,0.151351351,0.154054054,0.043243243,0.202702703,0.151351351,0.132432432
shark HR,0.2,0.266666667,0.2,0.133333333,0,0,0.2
avaraikai MR,0.185185185,0.037037037,0.259259259,0,0.185185185,0.185185185,0.148148148
avaraikai LR,0.106060606,0.106060606,0.181818182,0.045454545,0.106060606,0.227272727,0.227272727
avaraikai KR,0.148760331,0.14600551,0.126721763,0.212121212,0.14600551,0.123966942,0.096418733
avaraikai NR,0.13229572,0.163424125,0.143968872,0.085603113,0.147859922,0.147859922,0.178988327
avaraikai HR,0.428571429,0,0.142857143,0,0,0,0.428571429
banana MR,0.103448276,0.24137931,0.155172414,0.017241379,0.137931034,0.155172414,0.189655172
banana LR,0.158227848,0.132911392,0.126582278,0.101265823,0.151898734,0.170886076,0.158227848
banana KR,0.152777778,0.064814815,0.134259259,0.296296296,0.106481481,0.115740741,0.12962963
banana NR,0.130909091,0.174545455,0.156363636,0.076363636,0.174545455,0.152727273,0.134545455
banana HR,0.230769231,0.461538462,0.153846154,0,0,0,0.153846154
beans LR,0.126582278,0.151898734,0.151898734,0.025316456,0.189873418,0.126582278,0.227848101
beans MR,0.260869565,0.043478261,0.217391304,0,0.260869565,0.217391304,0
beans KR,0.118012422,0.124223602,0.118012422,0.229813665,0.130434783,0.136645963,0.142857143
beans NR,0.160409556,0.170648464,0.160409556,0.088737201,0.136518771,0.150170648,0.133105802
beans HR,0.666666667,0,0.333333333,0,0,0,0
beetroot LR,0.15,0.15,0.05,0,0.3,0.2,0.15
beetroot MR,0.272727273,0.090909091,0,0.090909091,0.181818182,0,0.363636364
beetroot KR,0.138747885,0.140439932,0.14213198,0.150592217,0.138747885,0.140439932,0.148900169
beetroot NR,0.15625,0.15625,0.1875,0.125,0.125,0.166666667,0.083333333
beetroot HR,0,0.5,0,0,0.5,0,0
brinjal LR,0.142857143,0.142857143,0.142857143,0,0,0.571428571,0
brinjal NR,0.13253012,0.120481928,0.204819277,0.072289157,0.180722892,0.084337349,0.204819277
brinjal KR,0.144444444,0.146031746,0.134920635,0.152380952,0.13968254,0.146031746,0.136507937
cabbage LR,0.217391304,0.304347826,0.173913043,0.130434783,0.043478261,0.130434783,0
cabbage MR,0.375,0.125,0,0.0625,0.125,0.3125,0
cabbage KR,0.130177515,0.128205128,0.149901381,0.175542406,0.1617357,0.130177515,0.124260355
cabbage NR,0.150289017,0.167630058,0.12716763,0.052023121,0.104046243,0.167630058,0.231213873
cabbage HR,0,0,1,0,0,0,0
capsicum LR,0.176470588,0.141176471,0.164705882,0.023529412,0.164705882,0.247058824,0.082352941
capsicum MR,0.184210526,0.052631579,0.210526316,0.131578947,0.184210526,0.157894737,0.078947368
capsicum KR,0.101851852,0.074074074,0.064814815,0.555555556,0.111111111,0.064814815,0.027777778
capsicum NR,0.145530146,0.164241164,0.14968815,0.072765073,0.143451143,0.141372141,0.182952183
capsicum HR,0,0.25,0.25,0,0.125,0.125,0.25
chillie LR,0.068965517,0.068965517,0.206896552,0,0.068965517,0.344827586,0.24137931
chillie MR,0.090909091,0.181818182,0.090909091,0,0.181818182,0.272727273,0.181818182
chillie KR,0.139372822,0.139372822,0.1271777,0.160278746,0.155052265,0.132404181,0.146341463
chillie NR,0.165048544,0.184466019,0.223300971,0.097087379,0.097087379,0.13592233,0.097087379
chillie HR,1,0,0,0,0,0,0
cauliflower LR,0.294117647,0.117647059,0.176470588,0.117647059,0.058823529,0.117647059,0.117647059
cauliflower NR,0.215909091,0.159090909,0.204545455,0.022727273,0.056818182,0.147727273,0.193181818
cauliflower KR,0.129084967,0.140522876,0.133986928,0.160130719,0.155228758,0.14379085,0.137254902
cauliflower HR,0,0.333333333,0,0,0.666666667,0,0
carrot LR,0,0.142857143,0.142857143,0.142857143,0,0.571428571,0
carrot NR,0.125,0.15625,0.171875,0.09375,0.15625,0.203125,0.09375
carrot KR,0.146379045,0.141756549,0.140215716,0.146379045,0.143297381,0.132511556,0.149460709
chowchow LR,0.174603175,0.174603175,0.142857143,0.095238095,0.111111111,0.206349206,0.095238095
chowchow MR,0.142857143,0.142857143,0.142857143,0.071428571,0.160714286,0.214285714,0.125
chowchow KR,0.105263158,0.131578947,0.043859649,0.48245614,0.061403509,0.131578947,0.043859649
chowchow NR,0.14699793,0.140786749,0.163561077,0.076604555,0.16563147,0.130434783,0.175983437
chowchow HR,0.25,0.25,0.5,0,0,0,0
corn LR,0.172839506,0.117283951,0.135802469,0.049382716,0.148148148,0.185185185,0.191358025
corn MR,0.104651163,0.127906977,0.290697674,0.069767442,0.139534884,0.162790698,0.104651163
corn KR,0.095238095,0.161904762,0.066666667,0.523809524,0.038095238,0.057142857,0.057142857
corn NR,0.154727794,0.148997135,0.140401146,0.085959885,0.163323782,0.151862464,0.154727794
corn HR,0.111111111,0.222222222,0,0.166666667,0.333333333,0,0.166666667
cucumber LR,0.150537634,0.172043011,0.204301075,0.021505376,0.075268817,0.182795699,0.193548387
cucumber MR,0.107142857,0.035714286,0.107142857,0.178571429,0.25,0.142857143,0.178571429
cucumber KR,0.165803109,0.129533679,0.07253886,0.29015544,0.170984456,0.082901554,0.088082902
cucumber NR,0.134328358,0.151741294,0.164179104,0.097014925,0.13681592,0.15920398,0.156716418
cucumber HR,0,0,0.25,0,0.25,0.5,0
drumstick LR,0.086956522,0.130434783,0.130434783,0.086956522,0.173913043,0,0.391304348
drumstick MR,0.125,0,0.25,0,0.125,0.5,0
drumstick KR,0.133815552,0.141048825,0.132007233,0.157323689,0.159132007,0.150090416,0.126582278
drumstick NR,0.2,0.169230769,0.192307692,0.069230769,0.076923077,0.123076923,0.169230769
drumstick HR,0,0,0,0.666666667,0,0,0.333333333
greens LR,0,0,0.125,0,0.25,0.625,0
greens NR,0.145833333,0.125,0.1875,0.104166667,0.104166667,0.229166667,0.104166667
greens KR,0.144578313,0.146084337,0.140060241,0.146084337,0.144578313,0.131024096,0.147590361
gourds MR,0.147826087,0.130434783,0.147826087,0.139130435,0.113043478,0.147826087,0.173913043
gourds LR,0.123595506,0.134831461,0.151685393,0.050561798,0.162921348,0.202247191,0.174157303
gourds KR,0.058333333,0.158333333,0.083333333,0.458333333,0.108333333,0.1,0.033333333
gourds NR,0.186379928,0.154121864,0.164874552,0.078853047,0.164874552,0.103942652,0.146953405
gourds HR,0.178571429,0.071428571,0.107142857,0,0.071428571,0.321428571,0.25
kovaikai MR,0.272727273,0.272727273,0.090909091,0.181818182,0,0,0.181818182
kovaikai LR,0.130434783,0.130434783,0.260869565,0.086956522,0.173913043,0.130434783,0.086956522
kovaikai KR,0.126953125,0.1328125,0.138671875,0.162109375,0.1484375,0.150390625,0.140625
kovaikai NR,0.186046512,0.162790698,0.139534884,0.087209302,0.13372093,0.13372093,0.156976744
kovaikai HR,0,0.5,0.5,0,0,0,0
kothavarai LR,0.2,0.1,0.133333333,0.066666667,0.166666667,0.066666667,0.266666667
kothavarai MR,0,0.111111111,0.333333333,0,0.111111111,0.222222222,0.222222222
kothavarai KR,0.143824027,0.159052453,0.121827411,0.157360406,0.148900169,0.150592217,0.118443316
kothavarai NR,0.127906977,0.058139535,0.244186047,0.081395349,0.104651163,0.11627907,0.26744186
kothavarai HR,0.25,0,0.75,0,0,0,0
Lfinger MR,0.166666667,0.333333333,0.166666667,0,0,0,0.333333333
Lfinger LR,0.21875,0.1875,0.0625,0.0625,0.125,0.28125,0.0625
Lfinger KR,0.135869565,0.135869565,0.139492754,0.166666667,0.152173913,0.137681159,0.132246377
Lfinger NR,0.150793651,0.158730159,0.174603175,0.047619048,0.119047619,0.142857143,0.206349206
Lfinger HR,0.25,0,0.25,0.5,0,0,0
malli MR,0,0,0.5,0,0,0.5,0
malli LR,0.076923077,0,0,0.538461538,0.076923077,0.307692308,0
malli KR,0.146645866,0.143525741,0.138845554,0.137285491,0.138845554,0.141965679,0.152886115
malli NR,0.131147541,0.180327869,0.213114754,0.098360656,0.213114754,0.114754098,0.049180328
malli HR,0,0,0,0.333333333,0,0,0.666666667
mango LR,0.141414141,0.151515152,0.141414141,0.04040404,0.070707071,0.232323232,0.222222222
mango MR,0.128205128,0.076923077,0.179487179,0.076923077,0.230769231,0.205128205,0.102564103
mango KR,0.069444444,0.055555556,0.013888889,0.791666667,0,0.069444444,0
mango NR,0.156746032,0.160714286,0.158730159,0.075396825,0.166666667,0.132936508,0.148809524
mango HR,0,0,0.166666667,0,0.5,0,0.333333333
mushroom MR,0.375,0.125,0.25,0,0,0,0.25
mushroom LR,0.083333333,0.111111111,0.166666667,0.277777778,0.027777778,0.305555556,0.027777778
mushroom KR,0.133056133,0.139293139,0.14968815,0.151767152,0.155925156,0.116424116,0.153846154
mushroom NR,0.171875,0.15625,0.109375,0.098958333,0.140625,0.1875,0.135416667
mushroom HR,0,0.333333333,0.666666667,0,0,0,0
nuckol LR,0.125,0.15625,0.1875,0.0625,0.1875,0.15625,0.125
nuckol MR,0.285714286,0.047619048,0.238095238,0.047619048,0.142857143,0.238095238,0
nuckol KR,0.15470852,0.130044843,0.139013453,0.183856502,0.125560538,0.134529148,0.132286996
nuckol NR,0.106976744,0.176744186,0.139534884,0.079069767,0.162790698,0.148837209,0.186046512
nuckol HR,0.166666667,0.166666667,0,0,0.5,0.166666667,0
onion MR,0.142857143,0.428571429,0.142857143,0,0,0.142857143,0.142857143
onion LR,0.266666667,0.2,0.266666667,0,0,0.133333333,0.133333333
onion KR,0.140625,0.126736111,0.135416667,0.173611111,0.145833333,0.128472222,0.149305556
onion NR,0.133333333,0.2,0.158333333,0.016666667,0.158333333,0.216666667,0.116666667
onion HR,0.5,0,0.5,0,0,0,0
peas LR,0.17721519,0.101265823,0.215189873,0.063291139,0.17721519,0.202531646,0.063291139
peas MR,0.064516129,0.129032258,0.225806452,0.032258065,0.161290323,0.129032258,0.258064516
peas KR,0.127516779,0.067114094,0.093959732,0.436241611,0.080536913,0.093959732,0.100671141
peas NR,0.150224215,0.179372197,0.141255605,0.067264574,0.15470852,0.150224215,0.156950673
peas HR,0.066666667,0.066666667,0.133333333,0.066666667,0.2,0.133333333,0.333333333
potroot LR,0.133333333,0.166666667,0.1,0,0.233333333,0.233333333,0.133333333
potroot MR,0,0,0.166666667,0,0,0.833333333,0
potroot KR,0.140468227,0.14548495,0.142140468,0.153846154,0.142140468,0.130434783,0.14548495
potroot NR,0.180722892,0.13253012,0.156626506,0.120481928,0.13253012,0.13253012,0.144578313
potroot HR,0,0,0.333333333,0,0,0.666666667,0
paneer LR,0.138888889,0.194444444,0.222222222,0.138888889,0.111111111,0.083333333,0.111111111
paneer MR,0.166666667,0.125,0.125,0.125,0.083333333,0.25,0.125
paneer KR,0.12749004,0.145418327,0.131474104,0.169322709,0.135458167,0.147410359,0.143426295
paneer NR,0.193333333,0.126666667,0.173333333,0.06,0.186666667,0.12,0.14
paneer HR,0.125,0.125,0,0,0.125,0.25,0.375
potato MR,0.227272727,0.272727273,0.136363636,0,0.090909091,0.227272727,0.045454545
potato LR,0.170731707,0.146341463,0.170731707,0.024390244,0.243902439,0.097560976,0.146341463
potato KR,0.138028169,0.138028169,0.126760563,0.222535211,0.132394366,0.129577465,0.112676056
potato NR,0.140468227,0.140468227,0.153846154,0.073578595,0.143812709,0.160535117,0.18729097
potato HR,0,0,0.666666667,0,0.333333333,0,0
pumkin LR,0.181818182,0.212121212,0.181818182,0.03030303,0.136363636,0.166666667,0.090909091
pumkin MR,0.066666667,0.133333333,0.066666667,0.066666667,0.088888889,0.222222222,0.355555556
pumkin KR,0.046511628,0.069767442,0.023255814,0.662790698,0.093023256,0.069767442,0.034883721
pumkin NR,0.160852713,0.145348837,0.160852713,0.07751938,0.156976744,0.147286822,0.151162791
pumkin HR,0.142857143,0.285714286,0.428571429,0,0.142857143,0,0
pudina LR,0,0.166666667,0,0,0,0.166666667,0.666666667
pudina NR,0.181818182,0.181818182,0.106060606,0.045454545,0.136363636,0.196969697,0.151515152
pudina KR,0.140432099,0.138888889,0.148148148,0.152777778,0.145061728,0.137345679,0.137345679
radish LR,0,0,0.4,0,0,0.6,0
radish MR,0.333333333,0,0,0,0,0.333333333,0.333333333
radish KR,0.141993958,0.149546828,0.140483384,0.14652568,0.14652568,0.134441088,0.140483384
radish NR,0.145833333,0.083333333,0.145833333,0.104166667,0.125,0.208333333,0.1875
radish HR,0.5,0,0.5,0,0,0,0
tomato MR,0.142857143,0.19047619,0.333333333,0.095238095,0.142857143,0.047619048,0.047619048
tomato LR,0.089285714,0.053571429,0.196428571,0.053571429,0.232142857,0.125,0.25
tomato KR,0.133056133,0.145530146,0.139293139,0.174636175,0.120582121,0.16008316,0.126819127
tomato NR,0.191082803,0.159235669,0.108280255,0.082802548,0.184713376,0.114649682,0.159235669
tomato HR,0.2,0.2,0.2,0,0,0,0.4
tondaikai LR,0.161904762,0.10952381,0.171428571,0.057142857,0.133333333,0.166666667,0.2
tondaikai MR,0.132867133,0.174825175,0.160839161,0.111888112,0.167832168,0.202797203,0.048951049
tondaikai KR,0.049180328,0.049180328,0,0.885245902,0,0.016393443,0
tondaikai NR,0.14801444,0.180505415,0.129963899,0.064981949,0.166064982,0.122743682,0.187725632
tondaikai HR,0.206896552,0.068965517,0.275862069,0.068965517,0.172413793,0.137931034,0.068965517
vazpooThandu MR,0.139784946,0.129032258,0.161290323,0.075268817,0.096774194,0.139784946,0.258064516
vazpooThandu LR,0.102739726,0.212328767,0.123287671,0.075342466,0.157534247,0.226027397,0.102739726
vazpooThandu KR,0.131004367,0.139737991,0.113537118,0.305676856,0.152838428,0.065502183,0.091703057
vazpooThandu NR,0.180672269,0.109243697,0.159663866,0.054621849,0.142857143,0.172268908,0.180672269
vazpooThandu HR,0.142857143,0.142857143,0.428571429,0.071428571,0.142857143,0.071428571,0
yams MR,0.125,0.142857143,0.142857143,0.089285714,0.196428571,0.160714286,0.142857143
yams LR,0.111111111,0.160493827,0.209876543,0.135802469,0.135802469,0.086419753,0.160493827
yams KR,0.048387097,0.064516129,0,0.85483871,0,0.032258065,0
yams NR,0.165668663,0.151696607,0.149700599,0.065868263,0.155688623,0.157684631,0.153692615
yams HR,0.05,0.1,0.15,0,0.15,0.3,0.25
gram LR,0.106666667,0.173333333,0.186666667,0.066666667,0.133333333,0.08,0.253333333
gram MR,0.166666667,0.133333333,0.166666667,0.133333333,0.066666667,0.133333333,0.2
gram KR,0.139737991,0.109170306,0.139737991,0.305676856,0.11790393,0.113537118,0.074235808
gram NR,0.151193634,0.159151194,0.129973475,0.061007958,0.164456233,0.175066313,0.159151194
gram HR,0.111111111,0.111111111,0.333333333,0,0.222222222,0.111111111,0.111111111
channa LR,0.5,0.2,0.2,0,0,0.1,0
channa NR,0.194805195,0.207792208,0.142857143,0.064935065,0.116883117,0.090909091,0.181818182
channa MR,0,0.25,0,0,0,0.75,0
channa KR,0.131955485,0.13354531,0.143084261,0.154213037,0.149443561,0.146263911,0.141494436
dhal LR,0.210526316,0.105263158,0.263157895,0,0.052631579,0.105263158,0.263157895
dhal MR,0.545454545,0,0.363636364,0,0,0.090909091,0
dhal KR,0.122710623,0.131868132,0.120879121,0.17032967,0.155677656,0.15018315,0.148351648
dhal NR,0.184397163,0.19858156,0.184397163,0.063829787,0.120567376,0.127659574,0.120567376
dhal HR,0,0.333333333,0.666666667,0,0,0,0
maida LR,0,0.4,0.2,0,0.4,0,0
maida NR,0.130952381,0.130952381,0.238095238,0.023809524,0.142857143,0.238095238,0.095238095
maida KR,0.145800317,0.142630745,0.129952456,0.158478605,0.141045959,0.131537242,0.150554675
oats LR,0.130434783,0.217391304,0.152173913,0.065217391,0.076086957,0.108695652,0.25
oats MR,0.125,0.125,0.1875,0,0.1875,0.34375,0.03125
oats KR,0.099173554,0.082644628,0.074380165,0.479338843,0.115702479,0.090909091,0.05785124
oats NR,0.156182213,0.145336226,0.151843818,0.078091106,0.162689805,0.14967462,0.156182213
oats HR,0.214285714,0.142857143,0.285714286,0.142857143,0.071428571,0.142857143,0
ragi LR,0.15,0.225,0.1375,0.075,0.1375,0.125,0.15
ragi MR,0.098039216,0.078431373,0.176470588,0,0.137254902,0.274509804,0.235294118
ragi KR,0.126760563,0.136150235,0.093896714,0.333333333,0.079812207,0.131455399,0.098591549
ragi NR,0.158176944,0.139410188,0.160857909,0.067024129,0.18230563,0.136729223,0.155495979
ragi HR,0,0,1,0,0,0,0
rice MR,0.321428571,0.071428571,0.142857143,0,0.107142857,0.107142857,0.25
rice LR,0.191176471,0.132352941,0.323529412,0.044117647,0.058823529,0.073529412,0.176470588
rice KR,0.117318436,0.173184358,0.083798883,0.229050279,0.131284916,0.181564246,0.083798883
rice NR,0.14559387,0.111111111,0.168582375,0.0651341,0.187739464,0.114942529,0.206896552
rice HR,0.2,0.2,0.6,0,0,0,0
wheat LR,0.193548387,0.096774194,0.209677419,0.064516129,0.064516129,0.209677419,0.161290323
wheat MR,0.12,0.08,0.36,0,0.16,0.16,0.12
wheat KR,0.130434783,0.152173913,0.105978261,0.211956522,0.111413043,0.171195652,0.116847826
wheat NR,0.145038168,0.148854962,0.15648855,0.076335878,0.20610687,0.08778626,0.179389313
wheat HR,0.666666667,0,0.333333333,0,0,0,0
coconut LR,0.173913043,0.195652174,0.239130435,0.02173913,0.217391304,0.065217391,0.086956522
coconut MR,0.225806452,0.064516129,0.193548387,0.096774194,0.096774194,0.064516129,0.258064516
coconut KR,0.115485564,0.133858268,0.11023622,0.220472441,0.13648294,0.162729659,0.120734908
coconut NR,0.166023166,0.158301158,0.162162162,0.054054054,0.146718147,0.138996139,0.173745174
coconut HR,0.333333333,0,0.666666667,0,0,0,0
oil LR,0.25,0,0.25,0,0,0.5,0
oil NR,0.152777778,0.111111111,0.138888889,0.013888889,0.138888889,0.277777778,0.166666667
oil MR,0.25,0,0,0,0,0,0.75
oil KR,0.140625,0.1484375,0.14375,0.1578125,0.1453125,0.1265625,0.1375
garlic LR,0.161904762,0.133333333,0.238095238,0.038095238,0.085714286,0.228571429,0.114285714
garlic MR,0.244897959,0.081632653,0.142857143,0,0.244897959,0.06122449,0.224489796
garlic KR,0.08974359,0.128205128,0.083333333,0.391025641,0.076923077,0.128205128,0.102564103
garlic NR,0.144638404,0.157107232,0.134663342,0.092269327,0.172069825,0.139650873,0.159600998
garlic HR,0.222222222,0.222222222,0.444444444,0,0.111111111,0,0
ginger LR,0.208333333,0.229166667,0.125,0,0.145833333,0.1875,0.104166667
ginger MR,0.114285714,0.114285714,0.114285714,0.028571429,0.114285714,0.2,0.314285714
ginger KR,0.128395062,0.12345679,0.128395062,0.2,0.15308642,0.135802469,0.130864198
ginger NR,0.163716814,0.168141593,0.172566372,0.088495575,0.128318584,0.128318584,0.150442478
ginger HR,0,0,0.333333333,0,0.166666667,0.5,0
pepper LR,0.166666667,0.111111111,0.166666667,0,0.277777778,0.111111111,0.166666667
pepper MR,0,0,0.333333333,0,0.333333333,0,0.333333333
pepper KR,0.143911439,0.140221402,0.142066421,0.177121771,0.140221402,0.123616236,0.132841328
pepper NR,0.142857143,0.155844156,0.12987013,0.038961039,0.136363636,0.220779221,0.175324675
pepper HR,0,0.333333333,0.666666667,0,0,0,0
tamarind LR,0.166666667,0.083333333,0.333333333,0,0,0.25,0.166666667
tamarind MR,0.4,0.2,0.2,0,0.2,0,0
tamarind KR,0.134146341,0.148083624,0.144599303,0.168989547,0.12543554,0.142857143,0.135888502
tamarind NR,0.158730159,0.119047619,0.119047619,0.03968254,0.238095238,0.142857143,0.182539683
tamarind HR,0.666666667,0.333333333,0,0,0,0,0
aginomoto LR,0.2,0,0.1,0.2,0.1,0.2,0.2
aginomoto NR,0.082191781,0.150684932,0.205479452,0.054794521,0.178082192,0.150684932,0.178082192
aginomoto MR,0.5,0,0,0,0,0,0.5
aginomoto KR,0.146919431,0.145339652,0.137440758,0.151658768,0.140600316,0.142180095,0.135860979
spices LR,0.285714286,0,0.285714286,0.142857143,0.142857143,0,0.142857143
spices NR,0.098591549,0.14084507,0.197183099,0.084507042,0.154929577,0.14084507,0.183098592
spices MR,0.333333333,0,0.333333333,0,0,0,0.333333333
spices KR,0.145539906,0.145539906,0.13458529,0.148669797,0.142410016,0.145539906,0.13771518
coco LR,0.147058824,0.160427807,0.14973262,0.090909091,0.14171123,0.13368984,0.176470588
coco MR,0.132653061,0.112244898,0.224489796,0.030612245,0.132653061,0.255102041,0.112244898
coco KR,0.127819549,0.127819549,0.052631579,0.443609023,0.157894737,0.037593985,0.052631579
coco NR,0.186666667,0.146666667,0.12,0.066666667,0.093333333,0.213333333,0.173333333
coco HR,0.1,0.1,0.225,0.025,0.225,0.175,0.15
horlicks LR,0.158469945,0.142076503,0.161202186,0.092896175,0.120218579,0.158469945,0.166666667
horlicks MR,0.101123596,0.123595506,0.101123596,0,0.191011236,0.269662921,0.213483146
horlicks KR,0.114649682,0.152866242,0.076433121,0.388535032,0.171974522,0.057324841,0.038216561
horlicks NR,0.19047619,0.154761905,0.154761905,0.05952381,0.130952381,0.142857143,0.166666667
horlicks HR,0.083333333,0.125,0.416666667,0.083333333,0.166666667,0,0.125
boost LR,0.14516129,0.14516129,0.241935484,0.032258065,0.177419355,0.129032258,0.129032258
boost MR,0.111111111,0.111111111,0.333333333,0.111111111,0,0,0.333333333
boost KR,0.135779817,0.137614679,0.119266055,0.170642202,0.132110092,0.165137615,0.139449541
boost NR,0.184466019,0.174757282,0.184466019,0.058252427,0.194174757,0.048543689,0.155339806
boost HR,0,0,1,0,0,0,0
nuts LR,0.145695364,0.119205298,0.185430464,0.086092715,0.158940397,0.145695364,0.158940397
nuts MR,0.147368421,0.2,0.073684211,0.042105263,0.2,0.210526316,0.126315789
nuts KR,0.110576923,0.120192308,0.129807692,0.307692308,0.081730769,0.100961538,0.149038462
nuts NR,0.169491525,0.148305085,0.161016949,0.080508475,0.165254237,0.122881356,0.152542373
nuts HR,0.133333333,0.2,0.1,0.066666667,0.133333333,0.366666667,0
runningnose NO,0.20131291,0.048140044,0.221006565,0.218818381,0.035010941,0.050328228,0.225382932
runningnose YES,0.041825095,0.307984791,0.007604563,0.007604563,0.330798479,0.30418251,0
sneeze NO,0.200445434,0.048997773,0.227171492,0.227171492,0.031180401,0.035634744,0.229398664
sneeze YES,0.04797048,0.298892989,0.003690037,0,0.328413284,0.32103321,0
cough NO,0.170132325,0.100189036,0.194706994,0.192816635,0.06805293,0.085066163,0.189035917
cough YES,0.068062827,0.261780105,0,0,0.35078534,0.303664921,0.015706806
wheezeBlocks NO,0.164658635,0.092369478,0.204819277,0.204819277,0.074297189,0.058232932,0.200803213
wheezeBlocks YES,0.094594595,0.256756757,0.004504505,0,0.297297297,0.333333333,0.013513514
headache NO,0.175090253,0.133574007,0.184115523,0.184115523,0.068592058,0.072202166,0.182310469
headache YES,0.036144578,0.174698795,0.006024096,0,0.391566265,0.379518072,0.012048193
itching NO,0.112676056,0.290140845,0.005633803,0.287323944,0.281690141,0.016901408,0.005633803
itching YES,0.17260274,0,0.276712329,0,0.008219178,0.265753425,0.276712329
swelling NO,0.14954955,0.185585586,0.093693694,0.183783784,0.185585586,0.075675676,0.126126126
swelling YES,0.121212121,0,0.309090909,0,0,0.36969697,0.2
redrashes NO,0.150592217,0.17428088,0.126903553,0.172588832,0.17428088,0.076142132,0.125211506
redrashes YES,0.108527132,0,0.217054264,0,0,0.449612403,0.224806202
FHistory G5,0.069767442,0.162790698,0.209302326,0.186046512,0.069767442,0.186046512,0.11627907
FHistory NO,1,0,0,0,0,0,0
FHistory G3,0.138211382,0.097560976,0.154471545,0.142276423,0.105691057,0.158536585,0.203252033
FHistory G4,0.261363636,0.125,0.125,0.215909091,0.090909091,0.125,0.056818182
FHistory G2,0.103585657,0.195219124,0.139442231,0.09561753,0.203187251,0.143426295,0.119521912
FHistory G1,0.175824176,0.131868132,0.10989011,0.175824176,0.164835165,0.098901099,0.142857143
Age F,0.129353234,0.094527363,0.166666667,0.149253731,0.156716418,0.171641791,0.131840796
Age M,0.160377358,0.204402516,0.113207547,0.132075472,0.125786164,0.106918239,0.157232704
Sex NO,0.122377622,0.202797203,0.132867133,0.356643357,0,0.052447552,0.132867133
Sex YES,0.156682028,0.103686636,0.149769585,0,0.237327189,0.202764977,0.149769585
