A/C,RH_UT,NORMAL,RH,OT,UT,RH_O,UT_O
housedust MR,0.135714286,0.085714286,0.196428571,0.103571429,0.242857143,0.128571429,0.107142857
housedust NR,0.158536585,0.06097561,0.12195122,0.243902439,0.280487805,0.085365854,0.048780488
housedust LR,0.043956044,0.065934066,0.21978022,0.164835165,0.241758242,0.087912088,0.175824176
housedust HR,0.154676259,0.050359712,0.208633094,0.165467626,0.179856115,0.122302158,0.118705036
cottondust HR,0.206349206,0.055555556,0.142857143,0.111111111,0.206349206,0.071428571,0.206349206
cottondust KR,0,0,1,0,0,0,0
cottondust MR,0.15648855,0.061068702,0.187022901,0.164122137,0.209923664,0.148854962,0.072519084
cottondust LR,0.118055556,0.104166667,0.194444444,0.104166667,0.270833333,0.083333333,0.125
cottondust NR,0.070707071,0.055555556,0.237373737,0.191919192,0.217171717,0.126262626,0.101010101
aspergilus HR,0.15,0.04375,0.18125,0.2125,0.1875,0.13125,0.09375
aspergilus KR,0,0.166666667,0.5,0.166666667,0,0,0.166666667
aspergilus MR,0.203463203,0.069264069,0.207792208,0.116883117,0.19047619,0.090909091,0.121212121
aspergilus LR,0.071428571,0.063492063,0.198412698,0.174603175,0.277777778,0.095238095,0.119047619
aspergilus NR,0.086538462,0.081730769,0.182692308,0.125,0.259615385,0.149038462,0.115384615
pollen HR,0.181132075,0.052830189,0.177358491,0.139622642,0.19245283,0.143396226,0.113207547
pollen KR,0.25,0,0.25,0.5,0,0,0
pollen MR,0.133116883,0.064935065,0.175324675,0.162337662,0.243506494,0.107142857,0.113636364
pollen LR,0.06185567,0.103092784,0.288659794,0.051546392,0.257731959,0.103092784,0.134020619
pollen NR,0.035087719,0.087719298,0.228070175,0.280701754,0.210526316,0.070175439,0.087719298
parthenium HR,0.153439153,0.063492063,0.177248677,0.156084656,0.21957672,0.113756614,0.116402116
parthenium KR,0,0,0,1,0,0,0
parthenium MR,0.099616858,0.068965517,0.218390805,0.134099617,0.237547893,0.126436782,0.114942529
parthenium LR,0.122807018,0.105263158,0.245614035,0.175438596,0.175438596,0.070175439,0.105263158
parthenium NR,0.212121212,0.03030303,0.151515152,0.121212121,0.242424242,0.151515152,0.090909091
coc kroach HR,0.144117647,0.1,0.185294118,0.129411765,0.197058824,0.117647059,0.126470588
coc kroach KR,0,0,0.2,0.6,0.2,0,0
coc kroach MR,0.116591928,0.049327354,0.242152466,0.170403587,0.224215247,0.098654709,0.098654709
coc kroach LR,0.210526316,0.021052632,0.147368421,0.147368421,0.252631579,0.147368421,0.073684211
coc kroach NR,0.044117647,0.029411765,0.161764706,0.161764706,0.308823529,0.132352941,0.161764706
catdander HR,0,0,0,0,0.666666667,0.333333333,0
catdander KR,0.131964809,0.06744868,0.19941349,0.152492669,0.221407625,0.114369501,0.112903226
catdander MR,0.333333333,0,0.333333333,0,0.333333333,0,0
catdander LR,0.333333333,0,0.111111111,0.333333333,0.111111111,0.111111111,0
catdander NR,0.117647059,0.088235294,0.147058824,0.088235294,0.235294118,0.147058824,0.176470588
dosfur HR,0.444444444,0.111111111,0,0.111111111,0.222222222,0,0.111111111
dosfur KR,0.125588697,0.069073783,0.202511774,0.153846154,0.224489796,0.113029827,0.111459969
dosfur MR,0.125,0.041666667,0.125,0.166666667,0.25,0.25,0.041666667
dosfur LR,0.212121212,0.060606061,0.181818182,0.060606061,0.090909091,0.151515152,0.242424242
dosfur NR,0.142857143,0.035714286,0.178571429,0.178571429,0.321428571,0.071428571,0.071428571
roaddust HR,0,0,0,0,0.75,0.25,0
roaddust KR,0.076923077,0.285714286,0.131868132,0.087912088,0.10989011,0.131868132,0.175824176
roaddust MR,0.108695652,0,0.239130435,0.086956522,0.260869565,0.152173913,0.152173913
roaddust LR,0.138461538,0.076923077,0.169230769,0.123076923,0.276923077,0.107692308,0.107692308
roaddust NR,0.146666667,0.034285714,0.207619048,0.171428571,0.228571429,0.11047619,0.100952381
oldpdust HR,0.5,0,0,0.166666667,0.333333333,0,0
oldpdust KR,0.122834646,0.074015748,0.207874016,0.152755906,0.211023622,0.118110236,0.113385827
oldpdust MR,0.375,0,0,0,0.125,0.5,0
oldpdust LR,0.095238095,0.047619048,0.047619048,0.19047619,0.380952381,0.142857143,0.095238095
oldpdust NR,0.196721311,0.016393443,0.163934426,0.131147541,0.295081967,0.049180328,0.147540984
PSdust HR,0.272727273,0,0.272727273,0,0.272727273,0.181818182,0
PSdust KR,0.114068441,0.106463878,0.231939163,0.140684411,0.209125475,0.11026616,0.087452471
PSdust MR,0.282608696,0.02173913,0.086956522,0.304347826,0.195652174,0.043478261,0.065217391
PSdust LR,0.115942029,0.028985507,0.15942029,0.144927536,0.31884058,0.043478261,0.188405797
PSdust NR,0.128654971,0.052631579,0.187134503,0.143274854,0.216374269,0.143274854,0.128654971
MilkP HR,0.181818182,0,0.181818182,0.272727273,0.181818182,0.181818182,0
MilkP KR,0.128205128,0.08678501,0.205128205,0.136094675,0.222879684,0.108481262,0.112426036
MilkP MR,0.060606061,0.03030303,0.242424242,0.272727273,0.212121212,0,0.181818182
MilkP LR,0.222222222,0.027777778,0.125,0.138888889,0.263888889,0.069444444,0.152777778
MilkP NR,0.12037037,0.018518519,0.185185185,0.175925926,0.203703704,0.212962963,0.083333333
MilkC HR,0.111111111,0.027777778,0.138888889,0.25,0.194444444,0.111111111,0.166666667
MilkC KR,0.14516129,0.088709677,0.180107527,0.14516129,0.201612903,0.10483871,0.134408602
MilkC MR,0.102564103,0.038461538,0.256410256,0.102564103,0.269230769,0.141025641,0.08974359
MilkC LR,0.203389831,0.050847458,0.169491525,0.169491525,0.237288136,0.127118644,0.042372881
MilkC NR,0.062992126,0.047244094,0.244094488,0.149606299,0.251968504,0.125984252,0.118110236
curd KR,0.127009646,0.072347267,0.204180064,0.147909968,0.217041801,0.115755627,0.115755627
curd LR,0.1,0.1,0.133333333,0.1,0.266666667,0.066666667,0.233333333
curd MR,0,0,0,0.2,0.3,0.2,0.3
curd NR,0.231884058,0.014492754,0.173913043,0.188405797,0.246376812,0.130434783,0.014492754
coffee HR,0.083333333,0.083333333,0.083333333,0.166666667,0.25,0.166666667,0.166666667
coffee KR,0.098540146,0.124087591,0.189781022,0.156934307,0.218978102,0.098540146,0.113138686
coffee MR,0.125,0.03125,0.21875,0.140625,0.21875,0.09375,0.171875
coffee LR,0.236842105,0.026315789,0.184210526,0.096491228,0.254385965,0.131578947,0.070175439
coffee NR,0.131086142,0.033707865,0.205992509,0.168539326,0.213483146,0.131086142,0.116104869
tea HR,0.055555556,0.055555556,0.055555556,0.111111111,0.388888889,0.166666667,0.166666667
tea KR,0.113043478,0.101449275,0.211594203,0.144927536,0.197101449,0.130434783,0.101449275
tea MR,0.209677419,0.064516129,0.177419355,0.14516129,0.225806452,0.048387097,0.129032258
tea LR,0.093333333,0.013333333,0.213333333,0.093333333,0.266666667,0.12,0.2
tea NR,0.164502165,0.034632035,0.181818182,0.181818182,0.233766234,0.108225108,0.095238095
beef HR,0,0.1875,0.125,0.0625,0.3125,0.1875,0.125
beef KR,0.131578947,0.131578947,0.162280702,0.149122807,0.245614035,0.096491228,0.083333333
beef MR,0.171052632,0.013157895,0.197368421,0.184210526,0.223684211,0.092105263,0.118421053
beef LR,0.155555556,0.055555556,0.188888889,0.133333333,0.255555556,0.055555556,0.155555556
beef NR,0.127725857,0.031152648,0.224299065,0.152647975,0.193146417,0.14953271,0.121495327
chicken HR,0.5,0,0,0.25,0.25,0,0
chicken KR,0.109803922,0.129411765,0.180392157,0.152941176,0.219607843,0.109803922,0.098039216
chicken MR,0.15,0.116666667,0.133333333,0.183333333,0.216666667,0.133333333,0.066666667
chicken LR,0.164383562,0.020547945,0.143835616,0.150684932,0.253424658,0.089041096,0.178082192
chicken NR,0.131578947,0.022556391,0.255639098,0.139097744,0.210526316,0.135338346,0.105263158
mutton HR,0,0,0.333333333,0,0.666666667,0,0
mutton KR,0.094555874,0.103151862,0.200573066,0.151862464,0.223495702,0.11747851,0.108882521
mutton MR,0.166666667,0,0.166666667,0.125,0.25,0.041666667,0.25
mutton LR,0.205479452,0.068493151,0.205479452,0.109589041,0.273972603,0.095890411,0.04109589
mutton NR,0.163120567,0.028368794,0.187943262,0.163120567,0.20212766,0.127659574,0.127659574
egg HR,0.055555556,0,0.222222222,0.166666667,0.111111111,0.111111111,0.333333333
egg KR,0.128772636,0.092555332,0.199195171,0.160965795,0.22334004,0.104627767,0.09054326
egg MR,0.076923077,0.051282051,0.128205128,0.025641026,0.128205128,0.358974359,0.230769231
egg LR,0.194029851,0.014925373,0.149253731,0.149253731,0.223880597,0.119402985,0.149253731
egg NR,0.154545455,0,0.227272727,0.145454545,0.272727273,0.081818182,0.118181818
fishA HR,0.2,0,0.16,0.16,0.32,0.12,0.04
fishA KR,0.125,0.113636364,0.178977273,0.15625,0.210227273,0.122159091,0.09375
fishA MR,0.047619048,0.023809524,0.214285714,0.19047619,0.166666667,0.19047619,0.166666667
fishA LR,0.217948718,0.025641026,0.179487179,0.128205128,0.256410256,0.102564103,0.08974359
fishA NR,0.128205128,0.025641026,0.226495726,0.141025641,0.230769231,0.098290598,0.14957265
fishB KR,0.127536232,0.069565217,0.192753623,0.153623188,0.226086957,0.115942029,0.114492754
fishB LR,0.666666667,0,0,0,0,0.333333333,0
fishB MR,1,0,0,0,0,0,0
fishB NR,0.166666667,0.027777778,0.277777778,0.111111111,0.194444444,0.111111111,0.111111111
crab HR,0.5,0,0,0,0.1,0.2,0.2
crab KR,0.112462006,0.103343465,0.227963526,0.14893617,0.176291793,0.121580547,0.109422492
crab MR,0.170731707,0.024390244,0.170731707,0.170731707,0.292682927,0.024390244,0.146341463
crab LR,0.146067416,0.02247191,0.08988764,0.179775281,0.280898876,0.134831461,0.146067416
crab NR,0.13740458,0.045801527,0.202290076,0.145038168,0.255725191,0.114503817,0.099236641
prawns HR,0.5,0,0.25,0,0.25,0,0
prawns KR,0.128472222,0.072916667,0.184027778,0.149305556,0.220486111,0.128472222,0.116319444
prawns MR,0.142857143,0.142857143,0.285714286,0.142857143,0.142857143,0.142857143,0
prawns LR,0.137931034,0.034482759,0.206896552,0.206896552,0.206896552,0.034482759,0.172413793
prawns NR,0.147826087,0.043478261,0.243478261,0.147826087,0.243478261,0.07826087,0.095652174
shark HR,0,0.052631579,0.315789474,0.157894737,0.263157895,0,0.210526316
shark KR,0.065217391,0.304347826,0.184782609,0.152173913,0.141304348,0.097826087,0.054347826
shark MR,0.083333333,0.069444444,0.291666667,0.152777778,0.222222222,0.069444444,0.111111111
shark LR,0.216783217,0.027972028,0.13986014,0.118881119,0.237762238,0.076923077,0.181818182
shark NR,0.135802469,0.027160494,0.195061728,0.160493827,0.234567901,0.148148148,0.098765432
avaraikai HR,0,0,0,0.428571429,0.142857143,0,0.428571429
avaraikai KR,0.133903134,0.102564103,0.205128205,0.173789174,0.196581197,0.108262108,0.07977208
avaraikai MR,0.102564103,0,0.128205128,0.128205128,0.435897436,0.102564103,0.102564103
avaraikai LR,0.15942029,0.014492754,0.144927536,0.115942029,0.260869565,0.086956522,0.217391304
avaraikai NR,0.135849057,0.045283019,0.211320755,0.124528302,0.218867925,0.139622642,0.124528302
banana HR,0,0,0.5,0.214285714,0.142857143,0,0.142857143
banana KR,0.131979695,0.152284264,0.111675127,0.197969543,0.203045685,0.101522843,0.101522843
banana MR,0.122807018,0.01754386,0.315789474,0.122807018,0.263157895,0.087719298,0.070175439
banana LR,0.156626506,0.048192771,0.204819277,0.144578313,0.174698795,0.138554217,0.13253012
banana NR,0.131313131,0.033670034,0.208754209,0.124579125,0.259259259,0.124579125,0.117845118
beans HR,0,0,0,0.5,0.5,0,0
beans KR,0.123376623,0.116883117,0.188311688,0.126623377,0.204545455,0.12987013,0.11038961
beans MR,0.185185185,0,0.074074074,0.259259259,0.333333333,0.148148148,0
beans LR,0.149425287,0.011494253,0.172413793,0.126436782,0.24137931,0.149425287,0.149425287
beans NR,0.137704918,0.039344262,0.22295082,0.167213115,0.22295082,0.091803279,0.118032787
beetroot HR,0,0,0.5,0,0,0.5,0
beetroot KR,0.126262626,0.069023569,0.2003367,0.14983165,0.222222222,0.114478114,0.117845118
beetroot MR,0,0.1,0.1,0.3,0.1,0.2,0.2
beetroot LR,0.208333333,0,0.208333333,0.125,0.125,0.25,0.083333333
beetroot NR,0.178217822,0.069306931,0.168316832,0.148514851,0.267326733,0.079207921,0.089108911
brinjal KR,0.138888889,0.070987654,0.200617284,0.151234568,0.211419753,0.115740741,0.111111111
brinjal LR,0.428571429,0,0.285714286,0.142857143,0.142857143,0,0
brinjal NR,0.065789474,0.039473684,0.144736842,0.144736842,0.328947368,0.131578947,0.144736842
cabbage HR,0,0,0.5,0,0.5,0,0
cabbage KR,0.134268537,0.084168337,0.182364729,0.144288577,0.208416834,0.136272545,0.110220441
cabbage MR,0.142857143,0.047619048,0.19047619,0.333333333,0.238095238,0.047619048,0
cabbage LR,0.068965517,0.068965517,0.344827586,0.172413793,0.310344828,0.034482759,0
cabbage NR,0.144444444,0.022222222,0.205555556,0.144444444,0.244444444,0.083333333,0.155555556
capsicum HR,0.090909091,0,0.272727273,0,0.454545455,0.090909091,0.090909091
capsicum KR,0.071428571,0.321428571,0.142857143,0.142857143,0.166666667,0.130952381,0.023809524
capsicum MR,0.153846154,0.076923077,0.102564103,0.205128205,0.256410256,0.128205128,0.076923077
capsicum LR,0.189473684,0.010526316,0.168421053,0.178947368,0.273684211,0.115789474,0.063157895
capsicum NR,0.133466135,0.035856574,0.215139442,0.145418327,0.215139442,0.113545817,0.141434263
chillie HR,0,0,0,1,0,0,0
chillie KR,0.131438721,0.076376554,0.191829485,0.14920071,0.213143872,0.120781528,0.11722913
chillie MR,0.2,0,0.1,0.1,0.2,0.2,0.2
chillie LR,0.333333333,0,0.074074074,0.111111111,0.185185185,0.148148148,0.148148148
chillie NR,0.102362205,0.047244094,0.251968504,0.141732283,0.283464567,0.086614173,0.086614173
cauliflower HR,0,0,0.333333333,0,0.333333333,0.333333333,0
cauliflower KR,0.132013201,0.077557756,0.193069307,0.138613861,0.211221122,0.127062706,0.120462046
cauliflower MR,0,0,0,0,1,0,0
cauliflower LR,0.181818182,0.045454545,0.227272727,0.227272727,0.181818182,0.045454545,0.090909091
cauliflower NR,0.144329897,0.010309278,0.206185567,0.216494845,0.278350515,0.06185567,0.082474227
carrot KR,0.129573171,0.067073171,0.192073171,0.153963415,0.222560976,0.115853659,0.118902439
carrot LR,0.428571429,0.142857143,0.142857143,0,0.285714286,0,0
carrot MR,0,0,0.5,0,0.5,0,0
carrot NR,0.151515152,0.060606061,0.227272727,0.136363636,0.212121212,0.136363636,0.075757576
chowchow HR,0,0,0.285714286,0.142857143,0.571428571,0,0
chowchow KR,0.117647059,0.294117647,0.188235294,0.164705882,0.117647059,0.082352941,0.035294118
chowchow MR,0.161290323,0.032258065,0.177419355,0.14516129,0.241935484,0.112903226,0.129032258
chowchow LR,0.153846154,0.051282051,0.217948718,0.141025641,0.269230769,0.064102564,0.102564103
chowchow NR,0.132264529,0.036072144,0.194388778,0.150300601,0.226452906,0.132264529,0.128256513
corn HR,0,0.047619048,0.238095238,0.142857143,0.238095238,0.19047619,0.142857143
corn KR,0.082352941,0.294117647,0.223529412,0.176470588,0.082352941,0.058823529,0.082352941
corn MR,0.174418605,0.046511628,0.186046512,0.104651163,0.325581395,0.104651163,0.058139535
corn LR,0.126436782,0.028735632,0.16091954,0.16091954,0.24137931,0.132183908,0.149425287
corn NR,0.147945205,0.038356164,0.205479452,0.150684932,0.221917808,0.120547945,0.115068493
cucumber HR,0.5,0,0,0,0,0.5,0
cucumber KR,0.080924855,0.150289017,0.179190751,0.196531792,0.156069364,0.150289017,0.086705202
cucumber MR,0.230769231,0.076923077,0.038461538,0.115384615,0.192307692,0.230769231,0.115384615
cucumber LR,0.180952381,0.00952381,0.219047619,0.142857143,0.238095238,0.057142857,0.152380952
cucumber NR,0.136470588,0.047058824,0.207058824,0.136470588,0.249411765,0.108235294,0.115294118
drumstick HR,0,0.5,0,0,0,0,0.5
drumstick KR,0.141577061,0.071684588,0.202508961,0.141577061,0.216845878,0.129032258,0.096774194
drumstick MR,0.5,0,0,0.25,0,0.25,0
drumstick LR,0,0.052631579,0.157894737,0.157894737,0.263157895,0.105263158,0.263157895
drumstick NR,0.116438356,0.04109589,0.184931507,0.184931507,0.253424658,0.068493151,0.150684932
greens KR,0.123695976,0.068554396,0.198211624,0.152011923,0.220566319,0.119225037,0.117734724
greens LR,0.555555556,0,0.111111111,0,0.222222222,0.111111111,0
greens MR,0,0,0,0,1,0,0
greens NR,0.2,0.06,0.18,0.16,0.24,0.08,0.08
gourds HR,0.34375,0,0.03125,0.15625,0.15625,0.03125,0.28125
gourds KR,0.095744681,0.276595745,0.234042553,0.085106383,0.14893617,0.117021277,0.042553191
gourds MR,0.145299145,0.05982906,0.153846154,0.145299145,0.282051282,0.094017094,0.11965812
gourds LR,0.173684211,0.031578947,0.226315789,0.115789474,0.242105263,0.105263158,0.105263158
gourds NR,0.093959732,0.033557047,0.197986577,0.194630872,0.218120805,0.140939597,0.120805369
kovaikai HR,0,0,0.5,0,0.5,0,0
kovaikai KR,0.13618677,0.070038911,0.192607004,0.140077821,0.223735409,0.120622568,0.116731518
kovaikai MR,0,0.1,0.3,0.3,0.2,0,0.1
kovaikai LR,0.16,0.08,0.12,0.12,0.36,0.12,0.04
kovaikai NR,0.133333333,0.055555556,0.205555556,0.177777778,0.2,0.111111111,0.116666667
kothavarai HR,0,0,0,0.666666667,0.333333333,0,0
kothavarai KR,0.142857143,0.071428571,0.209302326,0.147840532,0.204318937,0.121262458,0.102990033
kothavarai MR,0.333333333,0,0.111111111,0,0.333333333,0.111111111,0.111111111
kothavarai LR,0.04,0.04,0.2,0.28,0.12,0.16,0.16
kothavarai NR,0.086956522,0.054347826,0.119565217,0.130434783,0.358695652,0.076086957,0.173913043
Lfinger HR,0,0.333333333,0,0.666666667,0,0,0
Lfinger KR,0.131147541,0.080145719,0.194899818,0.14571949,0.218579235,0.12568306,0.103825137
Lfinger MR,0,0,0.4,0.2,0.2,0,0.2
Lfinger LR,0.233333333,0.033333333,0.233333333,0.266666667,0.1,0.1,0.033333333
Lfinger NR,0.131944444,0.020833333,0.1875,0.131944444,0.270833333,0.090277778,0.166666667
malli HR,0,0.25,0.25,0,0,0,0.5
malli KR,0.132824427,0.064122137,0.198473282,0.154198473,0.216793893,0.114503817,0.119083969
malli MR,0.666666667,0,0,0,0.333333333,0,0
malli LR,0.222222222,0.333333333,0,0.111111111,0.222222222,0.111111111,0
malli NR,0.116666667,0.05,0.2,0.133333333,0.3,0.15,0.05
mango HR,0,0,0.125,0,0.375,0.375,0.125
mango KR,0.088888889,0.555555556,0.088888889,0.177777778,0.088888889,0,0
mango MR,0.146341463,0.024390244,0.097560976,0.12195122,0.317073171,0.195121951,0.097560976
mango LR,0.198198198,0.027027027,0.198198198,0.153153153,0.207207207,0.09009009,0.126126126
mango NR,0.125475285,0.038022814,0.212927757,0.152091255,0.228136882,0.121673004,0.121673004
mushroom HR,0,0,0.333333333,0,0.666666667,0,0
mushroom KR,0.101265823,0.073839662,0.208860759,0.14978903,0.225738397,0.122362869,0.11814346
mushroom MR,0,0,0.1,0.3,0.5,0,0.1
mushroom LR,0.348837209,0.093023256,0.139534884,0.093023256,0.255813953,0.023255814,0.046511628
mushroom NR,0.174129353,0.049751244,0.179104478,0.15920398,0.189054726,0.129353234,0.119402985
nuckol HR,0.222222222,0,0.111111111,0.111111111,0,0.555555556,0
nuckol KR,0.117511521,0.085253456,0.184331797,0.168202765,0.228110599,0.110599078,0.105990783
nuckol MR,0.347826087,0.043478261,0.043478261,0.217391304,0.260869565,0.086956522,0
nuckol LR,0.136363636,0.022727273,0.181818182,0.090909091,0.318181818,0.136363636,0.113636364
nuckol NR,0.140271493,0.045248869,0.239819005,0.122171946,0.199095023,0.108597285,0.14479638
onion HR,0,0,0,0.666666667,0.333333333,0,0
onion KR,0.130136986,0.082191781,0.183219178,0.145547945,0.227739726,0.116438356,0.114726027
onion MR,0.222222222,0,0.444444444,0.111111111,0.111111111,0,0.111111111
onion LR,0.105263158,0,0.263157895,0.210526316,0.315789474,0,0.105263158
onion NR,0.155172414,0.00862069,0.232758621,0.155172414,0.189655172,0.146551724,0.112068966
peas HR,0.142857143,0.071428571,0.214285714,0.071428571,0.214285714,0.142857143,0.142857143
peas KR,0.090909091,0.247933884,0.107438017,0.181818182,0.20661157,0.05785124,0.107438017
peas MR,0.09375,0.03125,0.125,0.0625,0.3125,0.1875,0.1875
peas LR,0.21,0.03,0.13,0.16,0.33,0.1,0.04
peas NR,0.131465517,0.030172414,0.237068966,0.148706897,0.198275862,0.129310345,0.125
potroot HR,1,0,0,0,0,0,0
potroot KR,0.122689076,0.07394958,0.198319328,0.154621849,0.218487395,0.115966387,0.115966387
potroot MR,0.285714286,0,0.142857143,0,0.571428571,0,0
potroot LR,0.296296296,0,0.222222222,0.111111111,0.148148148,0.111111111,0.111111111
potroot NR,0.13,0.05,0.18,0.15,0.25,0.13,0.11
paneer HR,0.222222222,0,0.111111111,0.111111111,0.111111111,0.111111111,0.333333333
paneer KR,0.143141153,0.07554672,0.208747515,0.137176938,0.206759443,0.109343936,0.119284294
paneer MR,0.210526316,0.105263158,0.157894737,0.210526316,0.157894737,0.052631579,0.105263158
paneer LR,0.111111111,0.083333333,0.194444444,0.111111111,0.333333333,0.111111111,0.055555556
paneer NR,0.097560976,0.036585366,0.164634146,0.195121951,0.262195122,0.146341463,0.097560976
potato HR,0,0,0,0,0.666666667,0.333333333,0
potato KR,0.132564841,0.100864553,0.198847262,0.155619597,0.193083573,0.123919308,0.095100865
potato MR,0.24,0,0.24,0.2,0.16,0.12,0.04
potato LR,0.083333333,0.020833333,0.1875,0.145833333,0.3125,0.166666667,0.083333333
potato NR,0.136363636,0.042207792,0.191558442,0.142857143,0.243506494,0.097402597,0.146103896
pumkin HR,0,0,0.285714286,0.142857143,0.428571429,0.142857143,0
pumkin KR,0.084745763,0.423728814,0.118644068,0.101694915,0.118644068,0.101694915,0.050847458
pumkin MR,0.306122449,0.040816327,0.142857143,0.081632653,0.142857143,0.102040816,0.183673469
pumkin LR,0.0875,0.0125,0.2,0.15,0.3875,0.0875,0.075
pumkin NR,0.132462687,0.039179104,0.207089552,0.162313433,0.214552239,0.123134328,0.121268657
pudina KR,0.130841121,0.073208723,0.196261682,0.14953271,0.219626168,0.118380062,0.112149533
pudina LR,0.125,0,0.125,0,0.25,0,0.5
pudina NR,0.160493827,0.024691358,0.197530864,0.172839506,0.24691358,0.111111111,0.086419753
radish HR,0,0,0,0.666666667,0.333333333,0,0
radish KR,0.127245509,0.070359281,0.200598802,0.149700599,0.218562874,0.119760479,0.113772455
radish MR,0.5,0,0,0.25,0,0,0.25
radish LR,0.333333333,0,0.166666667,0,0.5,0,0
radish NR,0.18,0.04,0.16,0.14,0.26,0.1,0.12
tomato HR,0,0,0.166666667,0.166666667,0.333333333,0,0.333333333
tomato KR,0.151709402,0.085470085,0.202991453,0.151709402,0.213675214,0.102564103,0.091880342
tomato MR,0.090909091,0.045454545,0.136363636,0.136363636,0.363636364,0.181818182,0.045454545
tomato LR,0.131147541,0.016393443,0.131147541,0.081967213,0.262295082,0.131147541,0.245901639
tomato NR,0.097701149,0.040229885,0.206896552,0.172413793,0.212643678,0.143678161,0.126436782
tondaikai HR,0.114285714,0.028571429,0.142857143,0.228571429,0.285714286,0.171428571,0.028571429
tondaikai KR,0.033333333,0.766666667,0.1,0.1,0,0,0
tondaikai MR,0.178807947,0.052980132,0.218543046,0.145695364,0.218543046,0.119205298,0.066225166
tondaikai LR,0.138075314,0.025104603,0.167364017,0.142259414,0.276150628,0.108786611,0.142259414
tondaikai NR,0.119565217,0.039855072,0.224637681,0.155797101,0.195652174,0.126811594,0.137681159
vazpooThandu HR,0.058823529,0.058823529,0.235294118,0.176470588,0.352941176,0.117647059,0
vazpooThandu KR,0.053921569,0.161764706,0.205882353,0.166666667,0.18627451,0.142156863,0.083333333
vazpooThandu MR,0.14893617,0.031914894,0.159574468,0.138297872,0.180851064,0.074468085,0.265957447
vazpooThandu LR,0.187919463,0.040268456,0.248322148,0.10738255,0.241610738,0.093959732,0.080536913
vazpooThandu NR,0.164794007,0.02247191,0.168539326,0.164794007,0.247191011,0.123595506,0.108614232
yams HR,0.222222222,0,0.111111111,0.111111111,0.166666667,0.166666667,0.222222222
yams KR,0.03030303,0.696969697,0.121212121,0.121212121,0.03030303,0,0
yams MR,0.184615385,0.030769231,0.2,0.123076923,0.215384615,0.123076923,0.123076923
yams LR,0.104166667,0.0625,0.239583333,0.114583333,0.291666667,0.083333333,0.104166667
yams NR,0.136801541,0.034682081,0.19460501,0.163776493,0.225433526,0.12716763,0.117533719
gram HR,0.181818182,0,0.272727273,0.090909091,0.181818182,0.181818182,0.090909091
gram KR,0.109004739,0.156398104,0.161137441,0.156398104,0.251184834,0.085308057,0.08056872
gram MR,0.125,0.03125,0.125,0.1875,0.3125,0.09375,0.125
gram LR,0.063291139,0.037974684,0.265822785,0.101265823,0.227848101,0.101265823,0.202531646
gram NR,0.16080402,0.030150754,0.203517588,0.155778894,0.201005025,0.135678392,0.113065327
channa KR,0.139871383,0.072347267,0.191318328,0.146302251,0.218649518,0.120578778,0.110932476
channa LR,0.2,0,0.3,0.3,0.2,0,0
channa MR,0.8,0,0.2,0,0,0,0
channa NR,0.053191489,0.042553191,0.212765957,0.170212766,0.265957447,0.106382979,0.14893617
dhal HR,0,0,0.5,0,0.5,0,0
dhal KR,0.142322097,0.080524345,0.191011236,0.138576779,0.205992509,0.129213483,0.112359551
dhal MR,0.153846154,0,0.076923077,0.384615385,0.384615385,0,0
dhal LR,0.2,0,0.08,0.16,0.4,0.04,0.12
dhal NR,0.095541401,0.038216561,0.23566879,0.171974522,0.23566879,0.095541401,0.127388535
maida KR,0.122186495,0.077170418,0.199356913,0.160771704,0.20096463,0.118971061,0.120578778
maida LR,0,0,0.6,0,0.2,0.2,0
maida NR,0.211538462,0.009615385,0.153846154,0.096153846,0.355769231,0.096153846,0.076923077
oats HR,0.117647059,0.058823529,0.117647059,0.235294118,0.411764706,0.058823529,0
oats KR,0.082474227,0.268041237,0.154639175,0.134020619,0.154639175,0.144329897,0.06185567
oats MR,0.225,0,0.2,0.1,0.25,0.175,0.05
oats LR,0.104166667,0.03125,0.229166667,0.145833333,0.270833333,0.0625,0.15625
oats NR,0.143451143,0.03950104,0.1995842,0.155925156,0.218295218,0.118503119,0.124740125
ragi HR,0,0,0.333333333,0,0.666666667,0,0
ragi KR,0.120418848,0.162303665,0.204188482,0.136125654,0.19895288,0.083769634,0.094240838
ragi MR,0.236363636,0,0.127272727,0.109090909,0.254545455,0.109090909,0.163636364
ragi LR,0.119047619,0.035714286,0.285714286,0.142857143,0.214285714,0.095238095,0.107142857
ragi NR,0.130653266,0.037688442,0.180904523,0.165829146,0.228643216,0.138190955,0.118090452
rice HR,0,0,0.166666667,0.333333333,0.5,0,0
rice KR,0.171511628,0.113372093,0.24127907,0.130813953,0.159883721,0.113372093,0.069767442
rice MR,0.137931034,0,0.068965517,0.275862069,0.275862069,0.068965517,0.172413793
rice LR,0.082191781,0.02739726,0.150684932,0.205479452,0.356164384,0.04109589,0.136986301
rice NR,0.103942652,0.028673835,0.164874552,0.143369176,0.254480287,0.146953405,0.157706093
wheat HR,0,0,0.142857143,0.285714286,0.571428571,0,0
wheat KR,0.163934426,0.098360656,0.196721311,0.144808743,0.202185792,0.092896175,0.101092896
wheat MR,0.1,0,0.133333333,0.1,0.433333333,0.1,0.133333333
wheat LR,0.180327869,0.032786885,0.147540984,0.196721311,0.213114754,0.049180328,0.180327869
wheat NR,0.08988764,0.041198502,0.213483146,0.149812734,0.220973783,0.168539326,0.116104869
coconut HR,0,0,0.166666667,0.333333333,0.5,0,0
coconut KR,0.145251397,0.108938547,0.17877095,0.136871508,0.201117318,0.11452514,0.11452514
coconut MR,0.03125,0.03125,0.09375,0.25,0.34375,0.125,0.125
coconut LR,0.075471698,0.018867925,0.264150943,0.169811321,0.150943396,0.226415094,0.094339623
coconut NR,0.145390071,0.028368794,0.216312057,0.14893617,0.244680851,0.09929078,0.117021277
oil KR,0.113178295,0.074418605,0.20620155,0.153488372,0.227906977,0.114728682,0.110077519
oil LR,0.666666667,0,0.166666667,0.166666667,0,0,0
oil MR,0,0,0.25,0.25,0,0,0.5
oil NR,0.276315789,0.013157895,0.105263158,0.118421053,0.210526316,0.144736842,0.131578947
garlic HR,0,0,0.2,0.2,0.533333333,0.066666667,0
garlic KR,0.139534884,0.209302326,0.19379845,0.11627907,0.147286822,0.07751938,0.11627907
garlic MR,0.078431373,0,0.117647059,0.235294118,0.235294118,0.176470588,0.156862745
garlic LR,0.220183486,0.027522936,0.146788991,0.155963303,0.293577982,0.082568807,0.073394495
garlic NR,0.121779859,0.044496487,0.217798595,0.147540984,0.215456674,0.131147541,0.121779859
ginger HR,0.333333333,0,0,0,0.333333333,0.333333333,0
ginger KR,0.133159269,0.096605744,0.180156658,0.140992167,0.221932115,0.125326371,0.101827676
ginger MR,0.171428571,0.028571429,0.171428571,0.114285714,0.228571429,0.057142857,0.228571429
ginger LR,0.189655172,0,0.206896552,0.172413793,0.206896552,0.120689655,0.103448276
ginger NR,0.115079365,0.043650794,0.222222222,0.166666667,0.226190476,0.107142857,0.119047619
pepper HR,0,0,0.666666667,0,0.333333333,0,0
pepper KR,0.112570356,0.08630394,0.202626642,0.155722326,0.219512195,0.108818011,0.114446529
pepper MR,0,0,0,0,0.6,0.2,0.2
pepper LR,0.1,0,0.1,0.2,0.2,0.25,0.15
pepper NR,0.211764706,0.017647059,0.182352941,0.135294118,0.223529412,0.123529412,0.105882353
tamarind HR,0,0,0.25,0.75,0,0,0
tamarind KR,0.129432624,0.081560284,0.20035461,0.147163121,0.226950355,0.111702128,0.102836879
tamarind MR,0,0,0.25,0.25,0.375,0.125,0
tamarind LR,0.25,0,0.166666667,0.166666667,0.333333333,0,0.083333333
tamarind NR,0.153846154,0.020979021,0.174825175,0.13986014,0.195804196,0.146853147,0.167832168
aginomoto KR,0.134165367,0.070202808,0.196567863,0.15600624,0.219968799,0.118564743,0.104524181
aginomoto LR,0.111111111,0.111111111,0,0.222222222,0.111111111,0.111111111,0.333333333
aginomoto MR,0,0,0.2,0.4,0,0,0.4
aginomoto NR,0.144736842,0.039473684,0.210526316,0.078947368,0.276315789,0.105263158,0.144736842
spices KR,0.130841121,0.070093458,0.197819315,0.15576324,0.219626168,0.119937695,0.105919003
spices LR,0,0.166666667,0,0.333333333,0.166666667,0.166666667,0.166666667
spices MR,0,0,0.25,0.25,0.25,0,0.25
spices NR,0.17721519,0.037974684,0.189873418,0.088607595,0.253164557,0.088607595,0.164556962
coco HR,0.186046512,0.023255814,0.139534884,0.11627907,0.209302326,0.209302326,0.11627907
coco KR,0.057142857,0.238095238,0.228571429,0.19047619,0.066666667,0.19047619,0.028571429
coco MR,0.196428571,0.017857143,0.133928571,0.116071429,0.375,0.080357143,0.080357143
coco LR,0.119592875,0.045801527,0.211195929,0.145038168,0.229007634,0.109414758,0.139949109
coco NR,0.192307692,0.038461538,0.192307692,0.192307692,0.192307692,0.051282051,0.141025641
horlicks HR,0,0.055555556,0.277777778,0.111111111,0.277777778,0.111111111,0.166666667
horlicks KR,0.068181818,0.204545455,0.25,0.159090909,0.106060606,0.181818182,0.03030303
horlicks MR,0.229166667,0,0.135416667,0.09375,0.260416667,0.114583333,0.166666667
horlicks LR,0.133838384,0.045454545,0.186868687,0.154040404,0.257575758,0.101010101,0.121212121
horlicks NR,0.157303371,0.033707865,0.202247191,0.191011236,0.191011236,0.08988764,0.134831461
boost HR,0,0,0,0,1,0,0
boost KR,0.163227017,0.080675422,0.200750469,0.144465291,0.183864916,0.112570356,0.114446529
boost MR,0,0.111111111,0.222222222,0.111111111,0.333333333,0,0.222222222
boost LR,0.101449275,0.014492754,0.144927536,0.15942029,0.31884058,0.144927536,0.115942029
boost NR,0.033898305,0.033898305,0.203389831,0.177966102,0.322033898,0.127118644,0.101694915
nuts HR,0.289473684,0.026315789,0.236842105,0.105263158,0.184210526,0.157894737,0
nuts KR,0.112359551,0.157303371,0.202247191,0.129213483,0.191011236,0.078651685,0.129213483
nuts MR,0.189473684,0.031578947,0.252631579,0.168421053,0.157894737,0.157894737,0.042105263
nuts LR,0.122905028,0.033519553,0.139664804,0.145251397,0.296089385,0.122905028,0.139664804
nuts NR,0.112033195,0.045643154,0.203319502,0.170124481,0.22406639,0.116182573,0.128630705
runningnose NO,0.037444934,0.105726872,0.077092511,0.218061674,0.350220264,0.028634361,0.182819383
runningnose YES,0.292418773,0.003610108,0.389891697,0.039711191,0.014440433,0.259927798,0
sneeze NO,0.029545455,0.111363636,0.063636364,0.215909091,0.365909091,0.025,0.188636364
sneeze YES,0.29209622,0,0.395189003,0.051546392,0.006872852,0.254295533,0
cough NO,0.06728972,0.091588785,0.143925234,0.18317757,0.304672897,0.061682243,0.147663551
cough YES,0.316326531,0,0.336734694,0.06122449,0,0.265306122,0.020408163
wheezeBlocks NO,0.044088176,0.098196393,0.126252505,0.180360721,0.322645291,0.066132265,0.162324649
wheezeBlocks YES,0.327586207,0,0.344827586,0.086206897,0.00862069,0.224137931,0.00862069
headache NO,0.058823529,0.087344029,0.181818182,0.183600713,0.290552585,0.051693405,0.146167558
headache YES,0.382352941,0,0.241176471,0.041176471,0,0.329411765,0.005882353
itching NO,0.021084337,0.147590361,0.430722892,0.120481928,0.015060241,0.25,0.015060241
itching YES,0.228070175,0,0,0.175438596,0.395989975,0.005012531,0.195488722
swelling NO,0.064981949,0.088447653,0.258122744,0.160649819,0.171480144,0.153429603,0.102888087
swelling YES,0.350282486,0,0,0.118644068,0.384180791,0,0.146892655
redrashes NO,0.064516129,0.083191851,0.24278438,0.157894737,0.212224109,0.144312394,0.095076401
redrashes YES,0.422535211,0,0,0.11971831,0.267605634,0,0.190140845
FHistory NO,0,0,0,0.5,0.5,0,0
FHistory G2,0.117424242,0.049242424,0.25,0.102272727,0.200757576,0.166666667,0.113636364
FHistory G1,0.094117647,0.070588235,0.211764706,0.223529412,0.176470588,0.105882353,0.117647059
FHistory G5,0.1,0.125,0.225,0.075,0.35,0.05,0.075
FHistory G3,0.178137652,0.060728745,0.141700405,0.149797571,0.238866397,0.089068826,0.141700405
FHistory G4,0.11827957,0.107526882,0.161290323,0.247311828,0.225806452,0.086021505,0.053763441
Age M,0.102639296,0.06744868,0.249266862,0.158357771,0.196480938,0.102639296,0.123167155
Age F,0.161538462,0.066666667,0.148717949,0.143589744,0.246153846,0.128205128,0.105128205
Sex NO,0.051851852,0.181481481,0.296296296,0.12962963,0.218518519,0,0.122222222
Sex YES,0.182212581,0,0.136659436,0.162689805,0.225596529,0.184381779,0.10845987
